#ngc253fitsfiles/230GHz_noclean_12mOnly.fits[108, 103]
233.51340719  0.01483239
233.50568719  0.01415531
233.49796720  0.01536533
233.49024720  0.02135851
233.48252720  0.01909996
233.47480720  0.01492856
233.46708721  0.01647357
233.45936721  0.01496507
233.45164721  0.01773242
233.44392721  0.01418806
233.43620721  0.01581809
233.42848722  0.01893562
233.42076722  0.01616596
233.41304722  0.01848139
233.40532722  0.01767021
233.39760723  0.01655270
233.38988723  0.01656966
233.38216723  0.01484878
233.37444723  0.01755292
233.36672724  0.01718220
233.35900724  0.01148587
233.35128724  0.02065689
233.34356724  0.02018315
233.33584725  0.01858611
233.32812725  0.01745795
233.32040725  0.01945215
233.31268725  0.01643683
233.30496725  0.01616081
233.29724726  0.01635798
233.28952726  0.01907272
233.28180726  0.01646384
233.27408726  0.01728616
233.26636727  0.01667370
233.25864727  0.01665482
233.25092727  0.01706726
233.24320727  0.01476737
233.23548728  0.01873945
233.22776728  0.01630924
233.22004728  0.01792383
233.21232728  0.01720834
233.20460729  0.01521465
233.19688729  0.01661107
233.18916729  0.01763204
233.18144729  0.01336808
233.17372729  0.01687969
233.16600730  0.01863670
233.15828730  0.01557175
233.15056730  0.01584977
233.14284730  0.01564150
233.13512731  0.01567006
233.12740731  0.01527150
233.11968731  0.01550473
233.11196731  0.01505173
233.10424732  0.01296926
233.09652732  0.01688660
233.08880732  0.01655724
233.08108732  0.01420446
233.07336732  0.02050751
233.06564733  0.01839320
233.05792733  0.01487286
233.05020733  0.01486864
233.04248733  0.01639300
233.03476734  0.01611040
233.02704734  0.01849693
233.01932734  0.01575136
233.01160734  0.01502801
233.00388735  0.01817466
232.99616735  0.01599943
232.98844735  0.01860074
232.98072735  0.02074917
232.97300736  0.01798551
232.96528736  0.01905314
232.95756736  0.01510948
232.94984736  0.01565572
232.94212736  0.01562115
232.93440737  0.01671092
232.92668737  0.01478732
232.91896737  0.01567171
232.91124737  0.01567475
232.90352738  0.01595356
232.89580738  0.01756598
232.88808738  0.01677787
232.88036738  0.01306867
232.87264739  0.01582490
232.86492739  0.01696968
232.85720739  0.01594062
232.84948739  0.01560070
232.84176740  0.01638647
232.83404740  0.01726080
232.82632740  0.01792579
232.81860740  0.01680380
232.81088740  0.01561611
232.80316741  0.01960650
232.79544741  0.01678451
232.78772741  0.01619144
232.78000741  0.01729393
232.77228742  0.01625098
232.76456742  0.01887300
232.75684742  0.01570745
232.74912742  0.01608194
232.74140743  0.01668456
232.73368743  0.01723887
232.72596743  0.01440957
232.71824743  0.01608275
232.71052744  0.01631998
232.70280744  0.01495958
232.69508744  0.01458859
232.68736744  0.01637710
232.67964744  0.01659527
232.67192745  0.01600505
232.66420745  0.01563791
232.65648745  0.01630148
232.64876745  0.01559702
232.64104746  0.01542990
232.63332746  0.01726129
232.62560746  0.01739118
232.61788746  0.01578112
232.61016747  0.01631652
232.60244747  0.01549018
232.59472747  0.01617794
232.58700747  0.01458597
232.57928747  0.01698687
232.57156748  0.01472882
232.56384748  0.01560844
232.55612748  0.01645641
232.54840748  0.01463738
232.54068749  0.01552070
232.53296749  0.01690034
232.52524749  0.01552875
232.51752749  0.01768935
232.50980750  0.01485703
232.50208750  0.01385665
232.49436750  0.01661337
232.48664750  0.01316390
232.47892751  0.01384195
232.47120751  0.01474504
232.46348751  0.01463483
232.45576751  0.01481937
232.44804751  0.01374623
232.44032752  0.01337605
232.43260752  0.01716507
232.42488752  0.01564733
232.41716752  0.01532221
232.40944753  0.01416334
232.40172753  0.01546233
232.39400753  0.01659088
232.38628753  0.01852429
232.37856754  0.01494703
232.37084754  0.01280417
232.36312754  0.01486755
232.35540754  0.01483595
232.34768755  0.01777399
232.33996755  0.01696713
232.33224755  0.01518301
232.32452755  0.01579968
232.31680755  0.01788498
232.30908756  0.01512317
232.30136756  0.01428052
232.29364756  0.01464341
232.28592756  0.01611594
232.27820757  0.01710574
232.27048757  0.01536127
232.26276757  0.01569908
232.25504757  0.01541726
232.24732758  0.01424402
232.23960758  0.01444091
232.23188758  0.01659747
232.22416758  0.01648560
232.21644758  0.01468576
232.20872759  0.01309284
232.20100759  0.01401263
232.19328759  0.01599214
232.18556759  0.01608050
232.17784760  0.01592889
232.17012760  0.01633464
232.16240760  0.01444629
232.15468760  0.01423685
232.14696761  0.01451988
232.13924761  0.01889051
232.13152761  0.01642378
232.12380761  0.01501370
232.11608762  0.01553021
232.10836762  0.01508587
232.10064762  0.01643499
232.09292762  0.02048585
232.08520762  0.01926775
232.07748763  0.01638660
232.06976763  0.01683763
232.06204763  0.01584008
232.05432763  0.01383369
232.04660764  0.01342571
232.03888764  0.01515549
232.03116764  0.02024521
232.02344764  0.01971037
232.01572765  0.01670665
232.00800765  0.01626503
232.00028765  0.01646332
231.99256765  0.01735000
231.98484766  0.01563417
231.97712766  0.01222561
231.96940766  0.01526472
231.96168766  0.01418689
231.95396766  0.01525853
231.94624767  0.01719317
231.93852767  0.01577042
231.93080767  0.01478849
231.92308767  0.01425970
231.91536768  0.01525621
231.90764768  0.01650193
231.89992768  0.01717327
231.89220768  0.01295262
231.88448769  0.01437425
231.87676769  0.01910176
231.86904769  0.01436453
231.86132769  0.01483627
231.85360769  0.01223801
231.84588770  0.01705780
231.83816770  0.01675125
231.83044770  0.01711754
231.82272770  0.01739875
231.81500771  0.01788662
231.80728771  0.01807641
231.79956771  0.01800592
231.79184771  0.02127372
231.78412772  0.01773808
231.77640772  0.01603243
231.76868772  0.01820486
231.76096772  0.01613211
231.75324773  0.01804356
231.74552773  0.01648382
231.73780773  0.01712260
231.73008773  0.01801328
231.72236773  0.01560913
231.71464774  0.02038201
231.70692774  0.01821354
231.69920774  0.01749052
231.69148774  0.01616856
231.68376775  0.01791158
231.67604775  0.01796684
231.66832775  0.01886658
231.66060775  0.01837715
231.65288776  0.01845292
231.64516776  0.01838229
231.63744776  0.01839324
231.62972776  0.01555844
231.62200777  0.01521081
231.61428777  0.01635645
231.60656777  0.01695775
231.59884777  0.01850740
231.59112777  0.01849263
231.58340778  0.01701703
231.57568778  0.01470951
231.56796778  0.01983319
231.56024778  0.01776604
231.55252779  0.01565913
231.54480779  0.01811366
231.53708779  0.01743503
231.52936779  0.01771585
231.52164780  0.01821214
231.51392780  0.01878099
231.50620780  0.01683613
231.49848780  0.01729059
231.49076781  0.01875196
231.48304781  0.01725937
231.47532781  0.01621627
231.46760781  0.01551653
231.45988781  0.01644287
231.45216782  0.01665906
231.44444782  0.01616299
231.43672782  0.01660588
231.42900782  0.01822669
231.42128783  0.01920619
231.41356783  0.01916274
231.40584783  0.01574737
231.39812783  0.01758545
231.39040784  0.01915948
231.38268784  0.01705055
231.37496784  0.01593628
231.36724784  0.01893080
231.35952784  0.01763311
231.35180785  0.01699023
231.34408785  0.01827487
231.33636785  0.01920600
231.32864785  0.01956256
231.32092786  0.01771948
231.31320786  0.01601279
231.30548786  0.01832144
231.29776786  0.01959011
231.29004787  0.01930938
231.28232787  0.01963021
231.27460787  0.01721447
231.26688787  0.01607142
231.25916788  0.01699432
231.25144788  0.01794290
231.24372788  0.01826468
231.23600788  0.01656962
231.22828788  0.01686803
231.22056789  0.01798722
231.21284789  0.01547279
231.20512789  0.01600358
231.19740789  0.01728305
231.18968790  0.01675086
231.18196790  0.01786705
231.17424790  0.01743622
231.16652790  0.01788061
231.15880791  0.01624205
231.15108791  0.01722246
231.14336791  0.01770175
231.13564791  0.01651800
231.12792792  0.01928259
231.12020792  0.01954984
231.11248792  0.01688153
231.10476792  0.01822041
231.09704792  0.01806725
231.08932793  0.01867536
231.08160793  0.01962223
231.07388793  0.01936742
231.06616793  0.02114057
231.05844794  0.02363694
231.05072794  0.02949997
231.04300794  0.03255225
231.03528794  0.03066915
231.02756795  0.02867127
231.01984795  0.02232034
231.01212795  0.02187357
231.00440795  0.01974897
230.99668795  0.01876641
230.98896796  0.01819463
230.98124796  0.01913250
230.97352796  0.01711976
230.96580796  0.01699723
230.95808797  0.01592645
230.95036797  0.01872971
230.94264797  0.01739909
230.93492797  0.01418759
230.92720798  0.01736243
230.91948798  0.01756608
230.91176798  0.01906976
230.90404798  0.02013896
230.89632799  0.02286857
230.88860799  0.02518290
230.88088799  0.02851087
230.87316799  0.02668558
230.86544799  0.02127014
230.85772800  0.01886928
230.85000800  0.01760495
230.84228800  0.01617556
230.83456800  0.01778606
230.82684801  0.01712214
230.81912801  0.01611112
230.81140801  0.01879954
230.80368801  0.01550810
230.79596802  0.01707659
230.78824802  0.01558087
230.78052802  0.01592869
230.77280802  0.01418241
230.76508803  0.01585034
230.75736803  0.01793192
230.74964803  0.01704209
230.74192803  0.01527272
230.73420803  0.01657177
230.72648804  0.01533040
230.71876804  0.01514894
230.71104804  0.01428821
230.70332804  0.01653275
230.69560805  0.01763106
230.68788805  0.01643811
230.68016805  0.01530601
230.67244805  0.01386229
230.66472806  0.01531312
230.65700806  0.01486850
230.64928806  0.01720727
230.64156806  0.01751582
230.63384806  0.01789033
230.62612807  0.01925637
230.61840807  0.01739351
230.61068807  0.01839341
230.60296807  0.01797938
230.59524808  0.01542513
230.58752808  0.02057989
230.57980808  0.01726341
230.57208808  0.01801952
230.56436809  0.01689176
230.55664809  0.01627118
230.54892809  0.01786009
230.54120809  0.01675065
230.53348810  0.01961165
230.52576810  0.01752392
230.51804810  0.01733710
230.51032810  0.01800698
230.50260810  0.01547281
230.49488811  0.01486822
230.48716811  0.01532140
230.47944811  0.01421327
230.47172811  0.01698052
230.46400812  0.01631558
230.45628812  0.00623801
230.44856812  0.00856245
230.44084812  0.01608126
230.43312813  0.02672205
230.42540813  0.09960146
230.41768813  0.23751473
230.40996813  0.40782681
230.40224814  0.49976718
230.39452814  0.45800015
230.38680814  0.51762825
230.37908814  0.66108376
230.37136814  0.52369452
230.36364815  0.67782718
230.35592815  0.55897713
230.34820815  0.30429158
230.34048815  0.06742082
230.33276816  -0.08362948
230.32504816  -0.16437957
230.31732816  -0.15510184
230.30960816  -0.14137676
230.30188817  -0.13222039
230.29416817  -0.13510320
230.28644817  -0.12910256
230.27872817  -0.11828306
230.27100817  -0.09571586
230.26328818  -0.09137778
230.25556818  -0.07610177
230.24784818  -0.03590499
230.24012818  -0.05054251
230.23240819  -0.04678069
230.22468819  -0.03126703
230.21696819  -0.02039098
230.20924819  0.00119374
230.20152820  0.01204288
230.19380820  0.00837156
230.18608820  0.01290627
230.17836820  0.01445364
230.17064821  0.01446554
230.16292821  0.01571094
230.15520821  0.01450013
230.14748821  0.01727332
230.13976821  0.01593626
230.13204822  0.01917809
230.12432822  0.01654650
230.11660822  0.01806897
230.10888822  0.01521966
230.10116823  0.01352084
230.09344823  0.01470047
230.08572823  0.01404317
230.07800823  0.01682227
230.07028824  0.01585425
230.06256824  0.01604326
230.05484824  0.01708085
230.04712824  0.01447901
230.03940825  0.01672146
230.03168825  0.01440415
230.02396825  0.01515395
230.01624825  0.01465657
230.00852825  0.01809686
230.00080826  0.01518749
229.99308826  0.01619640
229.98536826  0.01330039
229.97764826  0.01472007
229.96992827  0.01827141
229.96220827  0.01510647
229.95448827  0.01537019
229.94676827  0.01549872
229.93904828  0.01823281
229.93132828  0.01705021
229.92360828  0.01875012
229.91588828  0.01737968
229.90816829  0.01839970
229.90044829  0.01871358
229.89272829  0.01694753
229.88500829  0.01660293
229.87728829  0.01705928
229.86956830  0.01496467
229.86184830  0.01468882
229.85412830  0.01839120
229.84640830  0.01369421
229.83868831  nan
229.83096831  nan
229.82324831  nan
229.81552831  nan
229.80780832  nan
229.80008832  nan
229.79236832  nan
229.78464832  nan
229.77692832  nan
229.76920833  nan
229.76148833  nan
229.75376833  nan
229.74604833  nan
229.73832834  nan
229.73060834  nan
